##FastQC	0.10.1
>>Basic Statistics	pass
#Measure	Value	
Filename	SRR1039508_2.fastq	
File type	Conventional base calls	
Encoding	Sanger / Illumina 1.9	
Total Sequences	22935521	
Filtered Sequences	0	
Sequence length	63	
%GC	50	
>>END_MODULE
>>Per base sequence quality	pass
#Base	Mean	Median	Lower Quartile	Upper Quartile	10th Percentile	90th Percentile
1	38.20655680766964	39.0	39.0	39.0	37.0	39.0
2	39.85883669265677	41.0	40.0	41.0	38.0	41.0
3	39.78767192600508	41.0	40.0	41.0	38.0	41.0
4	39.85855560028482	41.0	40.0	41.0	38.0	41.0
5	39.80419106241362	41.0	40.0	41.0	38.0	41.0
6	39.77934824327732	41.0	40.0	41.0	38.0	41.0
7	39.76066512724956	41.0	40.0	41.0	38.0	41.0
8	39.72746928225437	41.0	40.0	41.0	38.0	41.0
9	34.10468879255021	41.0	38.0	41.0	2.0	41.0
10	36.07140674938232	41.0	38.0	41.0	18.0	41.0
11	38.20409272586396	41.0	38.0	41.0	32.0	41.0
12	39.03775475603977	41.0	38.0	41.0	36.0	41.0
13	39.2709809382573	41.0	39.0	41.0	37.0	41.0
14	39.372025296482256	41.0	40.0	41.0	37.0	41.0
15	39.39479098817943	41.0	40.0	41.0	37.0	41.0
16	39.47793490280862	41.0	40.0	41.0	37.0	41.0
17	39.43025697999187	41.0	40.0	41.0	37.0	41.0
18	39.30824915640678	41.0	40.0	41.0	37.0	41.0
19	39.32319627707607	41.0	40.0	41.0	37.0	41.0
20	39.19592753092463	41.0	40.0	41.0	36.0	41.0
21	39.37976028536696	41.0	40.0	41.0	37.0	41.0
22	39.40652876383318	41.0	40.0	41.0	37.0	41.0
23	39.41253634482513	41.0	40.0	41.0	37.0	41.0
24	39.23505940850439	41.0	40.0	41.0	36.0	41.0
25	39.28152480163847	41.0	40.0	41.0	36.0	41.0
26	39.257967237805495	41.0	40.0	41.0	36.0	41.0
27	39.198823475603625	41.0	39.0	41.0	36.0	41.0
28	39.122464407937365	41.0	39.0	41.0	35.0	41.0
29	39.09891647981313	41.0	39.0	41.0	35.0	41.0
30	38.97726369503444	41.0	39.0	41.0	35.0	41.0
31	38.92213274771478	41.0	39.0	41.0	35.0	41.0
32	38.894864084404276	41.0	39.0	41.0	35.0	41.0
33	38.90414144069367	41.0	39.0	41.0	35.0	41.0
34	38.93949101919246	41.0	39.0	41.0	35.0	41.0
35	38.922771669324625	41.0	39.0	41.0	35.0	41.0
36	38.85331813478316	41.0	39.0	41.0	35.0	41.0
37	38.795131839385725	41.0	39.0	41.0	35.0	41.0
38	38.697048913778765	41.0	38.0	41.0	35.0	41.0
39	37.06478278823489	39.0	36.0	40.0	33.0	41.0
40	37.709850061832036	39.0	37.0	40.0	34.0	41.0
41	38.05538910583282	40.0	37.0	41.0	35.0	41.0
42	38.20904077129968	40.0	37.0	41.0	35.0	41.0
43	38.171201735508866	40.0	37.0	41.0	35.0	41.0
44	38.04154891445457	40.0	37.0	41.0	35.0	41.0
45	37.93814293558014	40.0	36.0	41.0	35.0	41.0
46	37.772364142065925	40.0	36.0	41.0	34.0	41.0
47	37.618355562971516	39.0	35.0	41.0	34.0	41.0
48	37.37667223692019	39.0	35.0	41.0	34.0	41.0
49	37.20348458620146	39.0	35.0	41.0	34.0	41.0
50	37.0160481638939	39.0	35.0	41.0	34.0	41.0
51	36.847749305542266	39.0	35.0	41.0	34.0	41.0
52	36.655971189841296	38.0	35.0	41.0	33.0	41.0
53	36.303960306809685	37.0	35.0	41.0	33.0	41.0
54	36.1272351301721	37.0	35.0	40.0	33.0	41.0
55	35.92964938533552	37.0	35.0	40.0	33.0	41.0
56	35.73122079938799	37.0	35.0	40.0	32.0	41.0
57	35.50219208013631	36.0	35.0	39.0	32.0	41.0
58	35.24748502552002	36.0	35.0	39.0	32.0	41.0
59	35.24692275357512	36.0	35.0	39.0	32.0	41.0
60	35.02974900809971	35.0	35.0	39.0	32.0	41.0
61	34.92453094917704	35.0	35.0	39.0	32.0	41.0
62	34.65437196739503	35.0	35.0	37.0	32.0	40.0
63	33.86958573995332	35.0	34.0	37.0	30.0	39.0
>>END_MODULE
>>Per sequence quality scores	pass
#Quality	Count
2	57104.0
3	6749.0
4	6578.0
5	7752.0
6	9701.0
7	8057.0
8	8636.0
9	9397.0
10	9883.0
11	10886.0
12	11185.0
13	11628.0
14	12291.0
15	12540.0
16	14025.0
17	15925.0
18	17717.0
19	20127.0
20	23715.0
21	26850.0
22	31510.0
23	36435.0
24	43085.0
25	52276.0
26	63555.0
27	79156.0
28	97766.0
29	114543.0
30	146757.0
31	176488.0
32	237171.0
33	320328.0
34	472026.0
35	776315.0
36	1389388.0
37	2524281.0
38	4172725.0
39	5638329.0
40	6262641.0
>>END_MODULE
>>Per base sequence content	pass
#Base	G	A	T	C
1	23.28920503079481	23.269852666939318	28.485105416965606	24.95583688530027
2	24.063536654873484	23.427638082919742	27.20420926304754	25.304615999159232
3	24.492731068146394	23.628920306991972	25.556644750840107	26.321703874021523
4	25.336455235512993	23.90144061893284	24.937026675149752	25.825077470404413
5	25.33452870771653	24.33931280742879	24.843610830189604	25.482547654665083
6	25.278952240456103	24.550448832642612	24.63378025790568	25.536818668995604
7	25.31762487733584	24.396300869015505	24.854232520256623	25.43184173339203
8	25.14930852157414	24.967470896079664	24.67504260381466	25.20817797853153
9	27.475209982484394	24.57532064307427	23.90717358774969	24.042295786691646
10	25.52854024875561	24.76426401801899	24.701076289357662	25.006119443867732
11	25.590123869881847	25.001404361090717	24.66079446015313	24.747677308874305
12	24.98711085545321	25.506994462585368	24.752836124269454	24.75305855769197
13	25.13576492629175	25.519213810073587	24.368077783388692	24.976943480245968
14	25.06363588356974	25.661675610989732	24.348726691462126	24.9259618139784
15	25.096750073125058	25.064186095024375	24.788399549371753	25.05066428247882
16	25.09697534261772	24.91373016657249	24.72308488906258	25.266209601747207
17	25.463791616828722	24.723784252122062	24.72889523992599	25.083528891123226
18	24.93895388999524	24.833381363134606	25.279029304923878	24.948635441946273
19	25.127110997609936	24.839318354492264	25.045962307549875	24.987608340347933
20	25.134776625229584	24.99614961304265	25.181360638667126	24.687713123060632
21	24.522835032457007	25.374655853538176	25.181499481654328	24.92100963235049
22	25.419426418708753	24.94017663314314	24.661317083490015	24.979079864658097
23	25.166727139589195	25.328366661173884	24.679244598502017	24.825661600734904
24	24.955976383157978	24.989356616285804	25.121002254801166	24.933664745755056
25	24.92981453454231	24.737131022084753	24.872757364077337	25.4602970792956
26	24.99053513529589	24.762510606273754	25.12262025480175	25.12433400362861
27	24.65885835835231	24.74398488147368	25.144736237940535	25.45242052223347
28	25.391138208294016	24.599208903630338	24.788503194436554	25.221149693639095
29	25.528976333381447	24.87051587376001	24.807896519106993	24.79261127375155
30	24.935596078771187	24.876260696973123	25.325650115136195	24.862493109119495
31	25.23318888807971	24.711620436772094	24.961208229236668	25.09398244591152
32	25.399529402858306	24.850506672302053	24.863327581512966	24.88663634332668
33	24.956682200634038	24.800012489271392	25.316119419412846	24.92718589068172
34	24.940665701502677	24.763119601069427	24.834423238348595	25.461791459079297
35	25.38882840720759	24.854087005097107	24.816265906785144	24.940818680910155
36	24.887625678508066	24.790060916932603	25.036689251263706	25.285624153295622
37	25.05287766750641	24.64933470462504	24.80358757957159	25.494200048296957
38	25.416132782969115	24.831859882639623	24.798512227139394	24.953495107251868
39	24.789009197604035	24.840319677193946	25.396271862873004	24.974399262329015
40	24.905383456045005	25.16953761272223	24.860405090438302	25.06467384079446
41	25.05678855082472	25.040883091341154	25.087941102362578	24.814387255471544
42	24.545651262947114	24.9450230496181	25.08749637734412	25.421829310090665
43	24.824120247960323	25.06176829986606	24.855217564985868	25.258893887187746
44	25.020948441364816	24.93784433652662	25.235943592570504	24.80526362953806
45	24.67798276083835	24.753603076646606	25.61159676837541	24.956817394139634
46	24.977990657262158	25.02712251411886	24.989845704486292	25.005041124132692
47	25.053533807993354	25.477322005986142	24.730491745640755	24.738652440379745
48	24.67532143964257	25.460477072920497	24.9971063919365	24.86709509550043
49	24.847838980330962	25.286945451155525	24.817838786188908	25.04737678232461
50	24.811096957794987	25.451013419705003	24.812496255784676	24.925393366715337
51	24.521922171541284	25.547906166490048	25.06759721561169	24.862574446356973
52	24.8508515393365	25.310979356944202	24.829385759869567	25.00878334384973
53	25.06093826891796	25.51568390891598	24.761606045359706	24.661771776806354
54	24.7355198761377	25.43952746882668	25.06490087079745	24.760051784238172
55	24.980373402738827	25.36692965825792	24.766377217556137	24.886319721447116
56	25.06558188210215	25.41103789317802	24.84252672272802	24.680853501991805
57	24.68691077747782	25.40760540316916	25.1006552707774	24.80482854857562
58	24.888080566695724	25.2033539009716	24.90877858733824	24.999786944994444
59	24.95367152205529	25.366332410168674	24.87511871317796	24.804877354598073
60	24.87557247393016	25.370525664856704	24.985578551353704	24.76832330985944
61	24.959438371004513	25.31738101122731	24.781367499870495	24.94181311789768
62	25.021097618566657	25.321362893733014	24.87393423507676	24.783605252623573
63	24.832437071576766	25.354689616827606	25.01087844465187	24.80199486694376
>>END_MODULE
>>Per base GC content	pass
#Base	%GC
1	48.245041916095076
2	49.36815265403271
3	50.81443494216792
4	51.16153270591741
5	50.817076362381606
6	50.81577090945171
7	50.749466610727865
8	50.35748650010567
9	51.51750576917604
10	50.53465969262334
11	50.337801178756145
12	49.74016941314518
13	50.11270840653772
14	49.989597697548135
15	50.14741435560387
16	50.363184944364924
17	50.547320507951945
18	49.88758933194152
19	50.11471933795787
20	49.82248974829022
21	49.44384466480749
22	50.39850628336685
23	49.992388740324095
24	49.889641128913034
25	50.39011161383791
26	50.1148691389245
27	50.111278880585786
28	50.61228790193311
29	50.321587607133
30	49.79808918789068
31	50.32717133399124
32	50.286165746184984
33	49.88386809131576
34	50.40245716058197
35	50.32964708811776
36	50.17324983180369
37	50.54707771580337
38	50.36962789022098
39	49.763408459933046
40	49.970057296839464
41	49.87117580629627
42	49.967480573037776
43	50.08301413514806
44	49.826212070902876
45	49.63480015497799
46	49.98303178139485
47	49.792186248373106
48	49.542416535143005
49	49.89521576265557
50	49.73649032451032
51	49.38449661789826
52	49.859634883186224
53	49.72271004572431
54	49.49557166037587
55	49.86669312418594
56	49.746435384093964
57	49.49173932605344
58	49.88786751169017
59	49.758548876653364
60	49.643895783789596
61	49.90125148890219
62	49.80470287119022
63	49.63443193852052
>>END_MODULE
>>Per sequence GC content	pass
#GC Content	Count
0	386.0
1	364.0
2	417.5
3	493.0
4	538.0
5	583.0
6	642.0
7	794.0
8	887.0
9	979.0
10	1438.0
11	1805.0
12	2346.5
13	3953.0
14	5018.0
15	6984.5
16	8951.0
17	12853.0
18	23582.5
19	30410.0
20	40163.0
21	62845.0
22	75774.0
23	94816.0
24	113858.0
25	135638.0
26	182157.5
27	206897.0
28	236702.5
29	302420.0
30	338332.0
31	370469.0
32	402606.0
33	440575.0
34	524352.5
35	570161.0
36	627792.0
37	735217.5
38	785012.0
39	826571.5
40	904742.0
41	941353.0
42	970776.5
43	1000200.0
44	1022143.5
45	1062081.5
46	1080076.0
47	1085130.0
48	1104859.5
49	1119535.0
50	1117139.5
51	1114744.0
52	1120084.5
53	1121433.5
54	1117442.0
55	1102325.5
56	1074611.0
57	1062013.0
58	1038703.0
59	1015393.0
60	977381.0
61	894994.0
62	850619.0
63	799017.5
64	687119.0
65	626822.0
66	568910.0
67	456812.5
68	402627.0
69	348905.0
70	295183.0
71	254212.5
72	183912.0
73	154582.0
74	133675.5
75	97131.0
76	81493.0
77	68432.0
78	55371.0
79	44295.5
80	26981.0
81	20742.0
82	16034.0
83	8612.0
84	5898.0
85	4360.5
86	2823.0
87	2152.5
88	1157.0
89	832.0
90	699.0
91	481.0
92	396.0
93	353.5
94	270.0
95	229.0
96	207.5
97	186.0
98	225.0
99	244.0
100	224.0
>>END_MODULE
>>Per base N content	warn
#Base	N-Count
1	0.012740063763975537
2	0.01827296619945978
3	0.040631298499824796
4	0.02949573284164768
5	0.026264936384048133
6	0.028758884526756553
7	0.035237917638757804
8	0.029748615695278955
9	10.683690159033231
10	0.03750078317383765
11	0.03028054169774473
12	0.03188067975434262
13	0.026151575104834113
14	0.013507432423270438
15	0.009613908487188932
16	0.014837247429434893
17	0.019764103026044186
18	0.023164941402464764
19	0.020819234932574673
20	0.012038095842688728
21	0.02126395995102967
22	0.01859124979109914
23	0.010429237687689764
24	0.025214164526718187
25	0.018028803444229587
26	0.014558204280600383
27	0.011327407823000839
28	0.019881824354458746
29	0.021412201623848003
30	0.021154958721016193
31	0.017924162263416647
32	0.018443008118280813
33	0.016738228880869982
34	0.017492517392563266
35	0.016899550701289935
36	0.00440800974174513
37	0.010459758032093537
38	0.005995067650741398
39	0.002768631242342391
40	2.1800246002695993E-4
41	0.0
42	0.0
43	0.03269164890564291
44	0.11206198455225849
45	0.13787783586865107
46	0.14773154706186967
47	0.1975669094240327
48	0.2507420694738088
49	0.2863200709502086
50	0.2917352520572783
51	0.28717900064271484
52	0.3105314241608028
53	0.31667037343516197
54	0.31139907395171007
55	0.3323883508031058
56	0.3144380282444859
57	0.32188935232820737
58	0.23590482204437385
59	0.11931274637275519
60	0.049412437589710735
61	0.010974243837757162
62	0.002040503025852345
63	0.001120532644538574
>>END_MODULE
>>Sequence Length Distribution	pass
#Length	Count
63	2.2935521E7
>>END_MODULE
>>Sequence Duplication Levels	fail
#Total Duplicate Percentage	59.436565132738465
#Duplication Level	Relative count
1	100.0
2	30.596692372437953
3	15.553129052071249
4	10.113969835528561
5	7.1350576673718695
6	5.418685593393844
7	4.25055165040151
8	3.6079073682294864
9	3.1256398007234014
10++	47.68306831365591
>>END_MODULE
>>Overrepresented sequences	pass
>>END_MODULE
>>Kmer Content	warn
#Sequence	Count	Obs/Exp Overall	Obs/Exp Max	Max Obs/Exp Position
AAAAA	5311615	4.100899	8.611496	48
AAAGA	2467200	1.9001709	5.095156	12
GGAAA	2246715	1.7261242	5.1476827	10
AAGAG	2144305	1.6474438	5.1489973	13
TAAAA	2040470	1.5720296	5.269477	45
TTAAA	1816015	1.3961366	5.056342	44
>>END_MODULE
